- User-space buf. size: 100
- syscall return val:   325
- User-space buf. size: 200
- syscall return val:   325
- User-space buf. size: 400
- syscall return val:   325
--- OK ---

#comm,pid,ppid,fcldpid,nsblpid,nvcsw,nivcsw,stime
swapper/0,0,0,1,0,0,90738,0
-systemd,1,0,412,2,3858,2376,0
--systemd-journal,412,1,0,430,2077,680,4
--systemd-oomd,430,1,0,451,5396,87,4
--systemd-timesyn,451,1,0,456,170,63,5
--vmware-vmblock-,456,1,0,465,1,1,5
--systemd-udevd,465,1,0,492,1541,324,5
--systemd-resolve,492,1,0,1273,382,89,5
--VGAuthService,1273,1,0,1319,48,74,7
--vmtoolsd,1319,1,0,1472,73649,638,7
--avahi-daemon,1472,1,1534,1473,529,33,7
---avahi-daemon,1534,1472,0,0,2,2,7
--dbus-daemon,1473,1,0,1477,4815,1437,7
--gnome-remote-de,1477,1,0,1480,114,46,7
--polkitd,1480,1,0,1494,1081,650,7
--snapd,1494,1,0,1502,516,202,7
--accounts-daemon,1502,1,0,1505,181,118,7
--cron,1505,1,0,1507,131,10,7
--switcheroo-cont,1507,1,0,1509,43,90,7
--systemd-logind,1509,1,0,1518,2055,227,7
--udisksd,1518,1,0,1528,527,528,7
--rsyslogd,1528,1,0,1577,37,49,7
--NetworkManager,1577,1,0,1585,631,230,8
--wpa_supplicant,1585,1,0,1622,681,22,8
--ModemManager,1622,1,0,1717,242,142,8
--cupsd,1717,1,0,1724,104,43,9
--unattended-upgr,1724,1,0,1741,114,149,9
--cups-browsed,1741,1,0,1742,318,34,9
--gdm3,1742,1,2465,1839,122,120,9
---gdm-session-wor,2465,1742,2537,0,50,30,19
----gdm-wayland-ses,2537,2465,2543,0,20,31,23
-----gnome-session-b,2543,2537,0,0,99,89,23
--rtkit-daemon,1839,1,0,1923,83,71,9
--power-profiles-,1923,1,0,2053,154,138,10
--colord,2053,1,0,2099,153,69,12
--upowerd,2099,1,0,2471,170,57,12
--systemd,2471,1,2472,3539,734,634,22
---(sd-pam),2472,2471,0,2485,1,0,23
---mpris-proxy,2485,2471,0,2486,231,28,23
---pipewire,2486,2471,0,2487,139,112,23
---pipewire,2487,2471,0,2490,10,30,23
---snapd-desktop-i,2490,2471,2853,2491,530,436,23
----snapd-desktop-i,2853,2490,0,0,313,544,25
---wireplumber,2491,2471,0,2492,119,217,23
---pipewire-pulse,2492,2471,0,2493,75,128,23
---dbus-daemon,2493,2471,0,2498,2986,1407,23
---gnome-keyring-d,2498,2471,0,2602,383,65,23
---xdg-document-po,2602,2471,0,2614,292,41,24
---xdg-permission-,2614,2471,0,2653,11,9,24
---gcr-ssh-agent,2653,2471,0,2654,5,15,24
---gnome-session-c,2654,2471,0,2668,4,16,24
---gvfsd,2668,2471,3316,2679,109,13,24
----gvfsd-trash,3316,2668,0,0,67,36,27
---gvfsd-fuse,2679,2471,0,2682,5,2,24
---gnome-session-b,2682,2471,2724,2726,396,417,24
----at-spi-bus-laun,2724,2682,2735,2927,33,9,24
-----dbus-daemon,2735,2724,0,0,128,20,24
----evolution-alarm,2927,2682,0,2947,205,129,26
----gsd-disk-utilit,2947,2682,0,3831,36,13,26
----update-notifier,3831,2682,0,0,149,81,85
---gnome-shell,2726,2471,3228,2794,62998,2617,24
----Xwayland,3228,2726,0,3415,655,139,26
----mutter-x11-fram,3415,2726,0,0,173,236,27
---at-spi2-registr,2794,2471,0,2852,92,50,25
---evolution-sourc,2852,2471,0,2860,212,139,25
---ibus-daemon,2860,2471,3127,2864,84,111,25
----ibus-memconf,3127,2860,0,3129,15,22,26
----ibus-extension-,3129,2860,0,3251,31,1282,26
----ibus-engine-sim,3251,2860,0,0,19,7,26
---gsd-a11y-settin,2864,2471,0,2867,60,25,25
---gsd-color,2867,2471,0,2871,158,112,25
---gsd-datetime,2871,2471,0,2872,31,78,25
---gsd-housekeepin,2872,2471,0,2874,238,52,25
---gsd-keyboard,2874,2471,0,2878,48,96,25
---gsd-media-keys,2878,2471,0,2881,83,123,25
---gsd-power,2881,2471,0,2882,97,159,25
---gsd-print-notif,2882,2471,0,2885,41,53,25
---gsd-rfkill,2885,2471,0,2887,38,46,25
---gsd-screensaver,2887,2471,0,2889,30,23,25
---gsd-sharing,2889,2471,0,2893,47,50,25
---gsd-smartcard,2893,2471,0,2894,55,52,25
---gsd-sound,2894,2471,0,2902,32,29,25
---gsd-wacom,2902,2471,0,2918,57,119,25
---vmtoolsd,2918,2471,0,2855,66915,131,26
---gjs,2855,2471,0,3111,38,202,25
---goa-identity-se,3111,2471,0,3122,17,27,26
---gvfs-udisks2-vo,3122,2471,0,2936,83,133,26
---goa-daemon,2936,2471,0,3135,33,47,26
---evolution-calen,3135,2471,0,3155,188,66,26
---gsd-printer,3155,2471,0,2832,20,31,26
---gnome-shell-cal,2832,2471,0,3139,91,37,25
---ibus-portal,3139,2471,0,3188,142,28,26
---gvfs-gphoto2-vo,3188,2471,0,3193,34,33,26
---evolution-addre,3193,2471,0,3200,63,42,26
---gvfs-mtp-volume,3200,2471,0,3211,26,1,26
---gvfs-goa-volume,3211,2471,0,3222,53,55,26
---gvfs-afc-volume,3222,2471,0,3269,26,24,26
---dconf-service,3269,2471,0,3288,23,18,26
---gjs,3288,2471,0,3315,58,64,27
---gvfsd-metadata,3315,2471,0,3345,19,6,27
---localsearch-3,3345,2471,0,3351,650,40,27
---gsd-xsettings,3351,2471,0,3407,209,187,27
---ibus-x11,3407,2471,0,3443,117,30,27
---xdg-desktop-por,3443,2471,0,3453,239,150,27
---xdg-desktop-por,3453,2471,0,3484,116,85,28
---xdg-desktop-por,3484,2471,0,0,49,102,28
--sshd,3539,1,3541,4561,6,1,62
---sshd-session,3541,3539,3601,0,55,3,62
----sshd-session,3601,3541,3602,0,11786,984,76
-----bash,3602,3601,3614,0,16,0,76
------sh,3614,3602,3632,0,108,0,76
-------code-7d842fb85a,3632,3614,0,5466,6879,313,76
-------sleep,5466,3614,0,0,1,0,6376
--fwupd,4561,1,0,0,1402,461,1650
-kthreadd,2,0,3,0,329,5,0
--pool_workqueue_,3,2,0,4,5,1,0
--kworker/R-rcu_g,4,2,0,5,2,0,0
--kworker/R-sync_,5,2,0,6,2,0,0
--kworker/R-kvfre,6,2,0,7,2,0,0
--kworker/R-slub_,7,2,0,8,2,0,0
--kworker/R-netns,8,2,0,11,2,0,0
--kworker/0:0H,11,2,0,12,4,0,0
--kworker/u512:0,12,2,0,13,4,0,0
--kworker/R-mm_pe,13,2,0,14,2,0,0
--rcu_tasks_kthre,14,2,0,15,2,0,0
--rcu_tasks_rude_,15,2,0,16,2,0,0
--rcu_tasks_trace,16,2,0,17,2,0,0
--ksoftirqd/0,17,2,0,18,1375,39,0
--rcu_preempt,18,2,0,19,33876,14,0
--rcu_exp_par_gp_,19,2,0,20,350,32,0
--rcu_exp_gp_kthr,20,2,0,21,795,53,0
--migration/0,21,2,0,22,1791,0,0
--idle_inject/0,22,2,0,23,3,0,0
--cpuhp/0,23,2,0,24,15,0,0
--cpuhp/1,24,2,0,25,16,1,0
--idle_inject/1,25,2,0,26,3,0,0
--migration/1,26,2,0,27,1771,0,0
--ksoftirqd/1,27,2,0,29,1500,20,0
--kworker/1:0H,29,2,0,30,4,0,0
--cpuhp/2,30,2,0,31,14,1,0
--idle_inject/2,31,2,0,32,3,0,0
--migration/2,32,2,0,33,1787,0,0
--ksoftirqd/2,33,2,0,34,2046,37,0
--kworker/2:0,34,2,0,35,19590,76,0
--kworker/2:0H,35,2,0,36,30,3,0
--cpuhp/3,36,2,0,37,14,0,0
--idle_inject/3,37,2,0,38,3,0,0
--migration/3,38,2,0,39,1753,0,0
--ksoftirqd/3,39,2,0,40,2375,84,0
--kworker/3:0,40,2,0,41,15025,69,0
--kworker/3:0H,41,2,0,46,4,0,0
--kdevtmpfs,46,2,0,47,220,5,0
--kworker/R-inet_,47,2,0,48,2,0,0
--kauditd,48,2,0,49,183,0,0
--khungtaskd,49,2,0,50,54,0,0
--oom_reaper,50,2,0,52,2,0,0
--kworker/R-write,52,2,0,54,2,0,0
--kcompactd0,54,2,0,55,12841,0,0
--ksmd,55,2,0,56,2,0,0
--khugepaged,56,2,0,57,2,0,0
--kworker/R-kinte,57,2,0,58,2,0,0
--kworker/R-kbloc,58,2,0,59,2,0,0
--irq/9-acpi,59,2,0,62,2,1,0
--kworker/R-tpm_d,62,2,0,63,2,0,1
--kworker/R-ata_s,63,2,0,64,2,0,1
--kworker/R-md,64,2,0,65,2,0,1
--kworker/R-md_bi,65,2,0,66,2,0,1
--kworker/R-edac-,66,2,0,67,2,0,1
--kworker/R-devfr,67,2,0,68,2,0,1
--watchdogd,68,2,0,70,2,0,1
--kworker/1:1H,70,2,0,71,1144,146,1
--kswapd0,71,2,0,72,3,0,1
--ecryptfs-kthrea,72,2,0,74,2,0,1
--kworker/R-kthro,74,2,0,75,2,0,1
--irq/24-pciehp,75,2,0,76,2,1,1
--irq/25-pciehp,76,2,0,77,2,1,1
--irq/26-pciehp,77,2,0,78,2,0,1
--irq/27-pciehp,78,2,0,79,2,1,1
--irq/28-pciehp,79,2,0,80,2,1,1
--irq/29-pciehp,80,2,0,81,2,1,1
--irq/30-pciehp,81,2,0,82,2,0,1
--irq/31-pciehp,82,2,0,83,2,1,1
--irq/32-pciehp,83,2,0,84,2,1,1
--irq/33-pciehp,84,2,0,85,2,1,1
--irq/34-pciehp,85,2,0,86,2,0,1
--irq/35-pciehp,86,2,0,87,2,1,1
--irq/36-pciehp,87,2,0,88,2,1,1
--irq/37-pciehp,88,2,0,89,2,1,1
--irq/38-pciehp,89,2,0,90,2,0,1
--irq/39-pciehp,90,2,0,91,2,1,1
--irq/40-pciehp,91,2,0,92,2,1,1
--irq/41-pciehp,92,2,0,93,2,1,1
--irq/42-pciehp,93,2,0,94,2,0,1
--irq/43-pciehp,94,2,0,95,2,1,1
--irq/44-pciehp,95,2,0,96,2,1,1
--irq/45-pciehp,96,2,0,97,2,1,1
--irq/46-pciehp,97,2,0,98,2,0,1
--irq/47-pciehp,98,2,0,99,2,1,1
--irq/48-pciehp,99,2,0,100,2,1,1
--irq/49-pciehp,100,2,0,101,2,1,1
--irq/50-pciehp,101,2,0,102,2,0,1
--irq/51-pciehp,102,2,0,103,2,1,1
--irq/52-pciehp,103,2,0,104,2,1,1
--irq/53-pciehp,104,2,0,105,2,1,1
--irq/54-pciehp,105,2,0,106,2,0,1
--irq/55-pciehp,106,2,0,107,2,1,1
--kworker/R-acpi_,107,2,0,109,2,0,1
--scsi_eh_0,109,2,0,110,4,0,1
--kworker/R-scsi_,110,2,0,111,2,0,1
--scsi_eh_1,111,2,0,112,4,0,1
--kworker/R-scsi_,112,2,0,115,2,0,1
--kworker/R-mld,115,2,0,116,2,0,1
--kworker/R-ipv6_,116,2,0,117,2,0,1
--kworker/u512:1,117,2,0,124,143,10,1
--kworker/R-kstrp,124,2,0,127,2,0,1
--kworker/0:2,127,2,0,128,14098,102,1
--kworker/u517:0,128,2,0,129,2,0,1
--kworker/u518:0,129,2,0,131,2,0,1
--kworker/u520:0,131,2,0,132,5,0,1
--kworker/u521:0,132,2,0,145,6,0,1
--kworker/R-charg,145,2,0,146,2,0,1
--kworker/0:1H,146,2,0,169,820,111,1
--kworker/3:1H,169,2,0,173,1466,276,1
--kworker/2:1H,173,2,0,200,1236,227,1
--kworker/R-mpt_p,200,2,0,201,2,0,2
--kworker/R-mpt/0,201,2,0,203,2,0,2
--scsi_eh_2,203,2,0,204,2,0,2
--kworker/R-scsi_,204,2,0,218,2,0,2
--scsi_eh_3,218,2,0,220,38,1,2
--kworker/R-scsi_,220,2,0,221,2,0,2
--scsi_eh_4,221,2,0,222,37,0,2
--kworker/R-scsi_,222,2,0,223,2,0,2
--scsi_eh_5,223,2,0,224,25,0,2
--kworker/R-scsi_,224,2,0,225,2,0,2
--scsi_eh_6,225,2,0,226,25,0,2
--kworker/R-scsi_,226,2,0,227,2,0,2
--scsi_eh_7,227,2,0,229,25,0,2
--kworker/R-scsi_,229,2,0,230,2,0,2
--scsi_eh_8,230,2,0,231,25,0,2
--kworker/R-scsi_,231,2,0,232,2,0,2
--scsi_eh_9,232,2,0,233,25,0,2
--kworker/R-scsi_,233,2,0,234,2,0,2
--scsi_eh_10,234,2,0,235,25,0,2
--kworker/R-scsi_,235,2,0,236,2,0,2
--scsi_eh_11,236,2,0,237,25,0,2
--kworker/R-scsi_,237,2,0,238,2,0,2
--scsi_eh_12,238,2,0,239,25,0,2
--kworker/R-scsi_,239,2,0,240,2,0,2
--scsi_eh_13,240,2,0,241,25,0,2
--kworker/R-scsi_,241,2,0,242,2,0,2
--scsi_eh_14,242,2,0,243,25,0,2
--kworker/R-scsi_,243,2,0,244,2,0,2
--scsi_eh_15,244,2,0,245,25,0,2
--kworker/R-scsi_,245,2,0,248,2,0,2
--scsi_eh_16,248,2,0,249,25,0,2
--kworker/R-scsi_,249,2,0,250,2,0,2
--scsi_eh_17,250,2,0,251,25,0,2
--kworker/R-scsi_,251,2,0,252,2,0,2
--scsi_eh_18,252,2,0,253,25,0,2
--kworker/R-scsi_,253,2,0,255,2,0,2
--scsi_eh_19,255,2,0,256,25,0,2
--kworker/R-scsi_,256,2,0,257,2,0,2
--scsi_eh_20,257,2,0,258,25,0,2
--kworker/R-scsi_,258,2,0,259,2,0,2
--scsi_eh_21,259,2,0,260,25,0,2
--kworker/R-scsi_,260,2,0,261,2,0,2
--scsi_eh_22,261,2,0,262,25,0,2
--kworker/R-scsi_,262,2,0,263,2,0,2
--scsi_eh_23,263,2,0,264,25,0,2
--kworker/R-scsi_,264,2,0,265,2,0,2
--scsi_eh_24,265,2,0,266,25,0,2
--kworker/R-scsi_,266,2,0,267,2,0,2
--scsi_eh_25,267,2,0,268,25,0,2
--kworker/R-scsi_,268,2,0,269,2,0,2
--scsi_eh_26,269,2,0,270,25,0,2
--kworker/R-scsi_,270,2,0,271,2,0,2
--scsi_eh_27,271,2,0,272,25,0,2
--kworker/R-scsi_,272,2,0,273,2,0,2
--scsi_eh_28,273,2,0,274,25,0,2
--kworker/R-scsi_,274,2,0,275,2,0,2
--scsi_eh_29,275,2,0,276,25,0,2
--kworker/R-scsi_,276,2,0,277,2,0,2
--scsi_eh_30,277,2,0,278,25,0,2
--kworker/R-scsi_,278,2,0,279,2,0,2
--scsi_eh_31,279,2,0,280,25,0,2
--kworker/R-scsi_,280,2,0,281,2,0,2
--scsi_eh_32,281,2,0,282,25,0,2
--kworker/R-scsi_,282,2,0,353,2,0,2
--jbd2/sda2-8,353,2,0,354,1071,14,3
--kworker/R-ext4-,354,2,0,402,2,0,3
--irq/57-vmw_vmci,402,2,0,403,884,1,4
--irq/58-vmw_vmci,403,2,0,404,2,0,4
--irq/59-vmw_vmci,404,2,0,452,1698,1,4
--irq/16-vmwgfx,452,2,0,453,9,1,5
--kworker/R-ttm,453,2,0,495,2,0,5
--psimon,495,2,0,1379,13,0,5
--kworker/R-crypt,1379,2,0,1760,2,0,7
--psimon,1760,2,0,2320,2,0,9
--kworker/u521:1,2320,2,0,3381,3,0,13
--kworker/u519:1,3381,2,0,3382,4,0,27
--kworker/u519:2,3382,2,0,4305,2,0,27
--kworker/u520:1,4305,2,0,4622,3,0,349
--kworker/1:2,4622,2,0,4963,6318,9,2719
--kworker/u514:4,4963,2,0,4983,872,24,3573
--kworker/u516:4,4983,2,0,4991,667,35,3631
--kworker/u514:1,4991,2,0,5001,777,35,3909
--kworker/3:2,5001,2,0,5017,4637,8,4142
--kworker/u514:2,5017,2,0,5019,837,25,4530
--kworker/u515:2,5019,2,0,5031,507,6,4663
--kworker/2:1,5031,2,0,5048,3,0,4794
--kworker/u516:2,5048,2,0,5208,366,9,5302
--kworker/1:1,5208,2,0,5289,3027,13,5342
--kworker/u515:3,5289,2,0,5292,116,0,5640
--kworker/u513:1,5292,2,0,5301,250,5,5671
--kworker/0:1,5301,2,0,5302,4,0,5702
--kworker/u516:1,5302,2,0,5308,208,6,5769
--kworker/1:0,5308,2,0,5310,4,1,5942
--kworker/u515:1,5310,2,0,5361,154,2,5994
--kworker/u514:3,5361,2,0,5386,109,8,6113
--kworker/u513:0,5386,2,0,5421,96,6,6127
--kworker/u513:2,5421,2,0,5426,40,0,6162
--kworker/u516:0,5426,2,0,5427,124,8,6252
--kworker/u515:0,5427,2,0,5434,148,5,6297
--kworker/0:0,5434,2,0,5539,3,0,6319
--kworker/u516:3,5539,2,0,0,20,1,6445
