- User-space buf. size: 100
- syscall return val:   335
- User-space buf. size: 200
- syscall return val:   335
- User-space buf. size: 400
- syscall return val:   335
--- OK ---

#comm,pid,ppid,fcldpid,nsblpid,nvcsw,nivcsw,stime
swapper/0,0,0,1,0,0,29157,0
-systemd,1,0,410,2,2668,3683,0
--systemd-journal,410,1,0,430,1389,313,5
--systemd-oomd,430,1,0,450,1095,85,5
--vmware-vmblock-,450,1,0,453,1,0,5
--systemd-timesyn,453,1,0,461,97,63,5
--systemd-udevd,461,1,0,489,1242,763,5
--systemd-resolve,489,1,0,1047,198,38,6
--VGAuthService,1047,1,0,1051,47,18,7
--vmtoolsd,1051,1,0,1184,12979,154,7
--avahi-daemon,1184,1,1281,1186,416,50,8
---avahi-daemon,1281,1184,0,0,3,0,9
--dbus-daemon,1186,1,0,1199,3114,891,8
--gnome-remote-de,1199,1,0,1207,99,68,8
--polkitd,1207,1,0,1228,713,414,8
--snapd,1228,1,0,1243,482,263,9
--accounts-daemon,1243,1,0,1245,159,154,9
--cron,1245,1,0,1246,32,10,9
--switcheroo-cont,1246,1,0,1259,131,95,9
--systemd-logind,1259,1,0,1261,1475,229,9
--udisksd,1261,1,0,1328,414,369,9
--rsyslogd,1328,1,0,1363,37,33,9
--NetworkManager,1363,1,0,1371,499,689,9
--wpa_supplicant,1371,1,0,1484,157,17,9
--ModemManager,1484,1,0,1780,183,139,10
--cupsd,1780,1,0,1790,92,29,12
--unattended-upgr,1790,1,0,1799,115,76,12
--sshd,1799,1,3397,1815,11,36,12
---sshd-session,3397,1799,3431,0,29,1,874
----sshd-session,3431,3397,3432,0,2670,114,877
-----sh,3432,3431,3450,0,29,1,877
------code-7d842fb85a,3450,3432,0,4106,2012,111,877
------sleep,4106,3432,0,0,1,0,1057
--cups-browsed,1815,1,0,1817,214,64,12
--gdm3,1817,1,1829,1821,68,79,12
---gdm-session-wor,1829,1817,1943,0,96,54,12
----gdm-wayland-ses,1943,1829,1954,0,17,31,13
-----gnome-session-b,1954,1943,0,0,157,86,13
--power-profiles-,1821,1,0,1871,80,84,12
--systemd,1871,1,1879,1919,814,629,12
---(sd-pam),1879,1871,0,1892,1,0,12
---mpris-proxy,1892,1871,0,1894,225,54,13
---pipewire,1894,1871,0,1896,256,162,13
---pipewire,1896,1871,0,1899,16,56,13
---wireplumber,1899,1871,0,1900,345,305,13
---pipewire-pulse,1900,1871,0,1901,140,151,13
---dbus-daemon,1901,1871,0,1902,2984,1506,13
---gnome-keyring-d,1902,1871,0,1991,417,100,13
---xdg-document-po,1991,1871,0,2009,310,71,13
---xdg-permission-,2009,1871,0,2045,17,18,13
---gcr-ssh-agent,2045,1871,0,2046,8,20,13
---gnome-session-c,2046,1871,0,2072,7,10,13
---gvfsd,2072,1871,2787,2080,119,45,13
----gvfsd-trash,2787,2072,0,0,67,11,18
---gvfsd-fuse,2080,1871,0,2083,5,10,14
---gnome-session-b,2083,1871,2115,2118,312,377,14
----at-spi-bus-laun,2115,2083,2131,2347,51,45,14
-----dbus-daemon,2131,2115,0,0,157,66,14
----evolution-alarm,2347,2083,0,2426,454,263,17
----gsd-disk-utilit,2426,2083,0,3019,22,11,17
----update-notifier,3019,2083,0,0,101,33,77
---gnome-shell,2118,1871,2647,2228,9122,2866,14
----Xwayland,2647,2118,0,2869,750,323,17
----gjs,2869,2118,0,2897,496,576,20
----mutter-x11-fram,2897,2118,0,0,167,334,20
---at-spi2-registr,2228,1871,0,2275,100,23,15
---evolution-sourc,2275,1871,0,2299,198,169,16
---ibus-daemon,2299,1871,2469,2300,3506,458,17
----ibus-dconf,2469,2299,0,2476,19,26,17
----ibus-extension-,2476,2299,0,2683,515,1071,17
----ibus-engine-sim,2683,2299,0,0,910,286,18
---gsd-a11y-settin,2300,1871,0,2305,40,38,17
---gsd-color,2305,1871,0,2306,334,112,17
---gsd-datetime,2306,1871,0,2309,30,40,17
---gsd-housekeepin,2309,1871,0,2316,160,40,17
---gsd-keyboard,2316,1871,0,2317,289,142,17
---gsd-media-keys,2317,1871,0,2320,353,144,17
---gsd-power,2320,1871,0,2321,336,139,17
---gsd-print-notif,2321,1871,0,2322,40,106,17
---gsd-rfkill,2322,1871,0,2323,57,21,17
---gsd-screensaver,2323,1871,0,2335,41,36,17
---gsd-sharing,2335,1871,0,2336,40,36,17
---gsd-smartcard,2336,1871,0,2337,35,30,17
---gsd-sound,2337,1871,0,2367,30,26,17
---vmtoolsd,2367,1871,0,2370,11984,201,17
---gsd-wacom,2370,1871,0,2290,277,184,17
---gjs,2290,1871,0,2268,40,106,17
---gnome-shell-cal,2268,1871,0,2462,95,48,16
---evolution-calen,2462,1871,0,2517,203,164,17
---gsd-printer,2517,1871,0,2360,25,38,17
---goa-daemon,2360,1871,0,2475,37,65,17
---goa-identity-se,2475,1871,0,2527,14,28,17
---gvfs-udisks2-vo,2527,1871,0,2496,75,81,17
---ibus-portal,2496,1871,0,2608,147,17,17
---gvfs-afc-volume,2608,1871,0,2618,34,17,17
---evolution-addre,2618,1871,0,2621,66,43,17
---gvfs-gphoto2-vo,2621,1871,0,2629,45,43,17
---gvfs-mtp-volume,2629,1871,0,2639,29,13,17
---gvfs-goa-volume,2639,1871,0,2669,47,21,17
---snapd-desktop-i,2669,1871,2764,2719,55,52,18
----snapd-desktop-i,2764,2669,0,0,99,145,18
---dconf-service,2719,1871,0,2786,15,12,18
---gvfsd-metadata,2786,1871,0,2824,18,7,18
---localsearch-3,2824,1871,0,2825,350,104,19
---xdg-desktop-por,2825,1871,0,2837,198,75,19
---xdg-desktop-por,2837,1871,0,2849,135,109,19
---gjs,2849,1871,0,2885,43,126,20
---gsd-xsettings,2885,1871,0,2926,172,224,20
---ibus-x11,2926,1871,0,2941,87,51,20
---xdg-desktop-por,2941,1871,0,2985,69,121,21
---gnome-terminal-,2985,1871,2993,0,3795,493,39
----bash,2993,2985,0,0,330,152,39
--rtkit-daemon,1919,1,0,2229,52,46,13
--colord,2229,1,0,2285,147,42,15
--upowerd,2285,1,0,3357,115,117,16
--sh,3357,1,3361,4094,8,0,867
---node,3361,3357,3481,0,4057,1677,867
----node,3481,3361,0,3492,4381,1993,877
----node,3492,3361,0,3505,707,93,877
----node,3505,3361,3542,0,3133,657,879
-----bash,3542,3505,4495,4489,454,258,881
------test_k22tree,4495,3542,0,0,1,0,1149
-----sh,4489,3505,4490,0,2,0,1149
------cpuUsage.sh,4490,4489,4493,0,5,0,1149
-------sleep,4493,4490,0,0,1,0,1149
--fwupd,4094,1,0,0,1136,44,1050
-kthreadd,2,0,3,0,265,7,0
--pool_workqueue_,3,2,0,4,5,0,0
--kworker/R-rcu_g,4,2,0,5,2,0,0
--kworker/R-sync_,5,2,0,6,2,0,0
--kworker/R-kvfre,6,2,0,7,2,0,0
--kworker/R-slub_,7,2,0,8,2,0,0
--kworker/R-netns,8,2,0,10,2,0,0
--kworker/0:1,10,2,0,11,3898,70,0
--kworker/0:0H,11,2,0,13,4,0,0
--kworker/R-mm_pe,13,2,0,14,2,0,0
--rcu_tasks_kthre,14,2,0,15,2,0,0
--rcu_tasks_rude_,15,2,0,16,2,0,0
--rcu_tasks_trace,16,2,0,17,2,0,0
--ksoftirqd/0,17,2,0,18,1418,20,0
--rcu_preempt,18,2,0,19,16263,74,0
--rcu_exp_par_gp_,19,2,0,20,319,43,0
--rcu_exp_gp_kthr,20,2,0,21,647,92,0
--migration/0,21,2,0,22,423,0,0
--idle_inject/0,22,2,0,23,3,0,0
--cpuhp/0,23,2,0,24,14,0,0
--cpuhp/1,24,2,0,25,13,0,0
--idle_inject/1,25,2,0,26,3,0,0
--migration/1,26,2,0,27,407,0,0
--ksoftirqd/1,27,2,0,28,3334,28,0
--kworker/1:0,28,2,0,29,9,0,0
--kworker/1:0H,29,2,0,30,4,0,0
--cpuhp/2,30,2,0,31,13,1,0
--idle_inject/2,31,2,0,32,3,0,0
--migration/2,32,2,0,33,415,0,0
--ksoftirqd/2,33,2,0,35,2282,47,0
--kworker/2:0H,35,2,0,36,809,286,0
--cpuhp/3,36,2,0,37,13,1,0
--idle_inject/3,37,2,0,38,3,0,0
--migration/3,38,2,0,39,424,0,0
--ksoftirqd/3,39,2,0,41,3192,63,0
--kworker/3:0H,41,2,0,44,4,0,0
--kworker/u515:0,44,2,0,46,383,25,0
--kdevtmpfs,46,2,0,47,216,0,0
--kworker/R-inet_,47,2,0,48,2,0,0
--kauditd,48,2,0,49,183,0,0
--khungtaskd,49,2,0,50,11,0,0
--oom_reaper,50,2,0,51,2,0,0
--kworker/u513:1,51,2,0,52,939,246,0
--kworker/u513:2,52,2,0,53,706,43,0
--kworker/R-write,53,2,0,54,2,0,0
--kcompactd0,54,2,0,55,2281,0,0
--ksmd,55,2,0,56,2,0,0
--khugepaged,56,2,0,57,2,0,0
--kworker/R-kinte,57,2,0,58,2,0,0
--kworker/R-kbloc,58,2,0,59,2,0,0
--irq/9-acpi,59,2,0,62,2,1,0
--kworker/R-tpm_d,62,2,0,63,2,0,0
--kworker/R-ata_s,63,2,0,64,2,0,0
--kworker/R-md,64,2,0,65,2,0,0
--kworker/R-md_bi,65,2,0,66,2,0,0
--kworker/R-edac-,66,2,0,67,2,0,0
--kworker/R-devfr,67,2,0,68,2,0,0
--watchdogd,68,2,0,70,2,0,0
--kworker/3:1H,70,2,0,71,1116,300,0
--kswapd0,71,2,0,72,3,0,1
--ecryptfs-kthrea,72,2,0,73,2,0,1
--kworker/R-kthro,73,2,0,74,2,0,1
--irq/24-pciehp,74,2,0,75,2,1,1
--irq/25-pciehp,75,2,0,76,2,1,1
--irq/26-pciehp,76,2,0,77,2,0,1
--irq/27-pciehp,77,2,0,78,2,1,1
--irq/28-pciehp,78,2,0,79,2,1,1
--irq/29-pciehp,79,2,0,80,2,1,1
--irq/30-pciehp,80,2,0,81,2,0,1
--irq/31-pciehp,81,2,0,82,2,1,1
--irq/32-pciehp,82,2,0,83,2,1,1
--irq/33-pciehp,83,2,0,84,2,1,1
--irq/34-pciehp,84,2,0,85,2,0,1
--irq/35-pciehp,85,2,0,86,2,1,1
--irq/36-pciehp,86,2,0,87,2,1,1
--irq/37-pciehp,87,2,0,88,2,1,1
--irq/38-pciehp,88,2,0,89,2,0,1
--irq/39-pciehp,89,2,0,90,2,1,1
--irq/40-pciehp,90,2,0,91,2,1,1
--irq/41-pciehp,91,2,0,92,2,1,1
--irq/42-pciehp,92,2,0,93,2,0,1
--irq/43-pciehp,93,2,0,94,2,1,1
--irq/44-pciehp,94,2,0,95,2,1,1
--irq/45-pciehp,95,2,0,96,2,1,1
--irq/46-pciehp,96,2,0,97,2,0,1
--irq/47-pciehp,97,2,0,98,2,1,1
--irq/48-pciehp,98,2,0,99,2,1,1
--irq/49-pciehp,99,2,0,100,2,1,1
--irq/50-pciehp,100,2,0,101,2,0,1
--irq/51-pciehp,101,2,0,102,2,1,1
--irq/52-pciehp,102,2,0,103,2,1,1
--irq/53-pciehp,103,2,0,104,2,1,1
--irq/54-pciehp,104,2,0,105,2,0,1
--irq/55-pciehp,105,2,0,106,2,1,1
--kworker/R-acpi_,106,2,0,108,2,0,1
--scsi_eh_0,108,2,0,109,5,1,1
--kworker/R-scsi_,109,2,0,110,2,0,1
--scsi_eh_1,110,2,0,111,4,0,1
--kworker/R-scsi_,111,2,0,115,2,0,1
--kworker/2:1,115,2,0,116,4111,47,1
--kworker/R-mld,116,2,0,117,2,0,1
--kworker/R-ipv6_,117,2,0,119,2,0,1
--kworker/u512:1,119,2,0,126,97,7,1
--kworker/R-kstrp,126,2,0,129,2,0,1
--kworker/u517:0,129,2,0,131,2,0,1
--kworker/u519:0,131,2,0,133,2,0,1
--kworker/u521:0,133,2,0,141,2,0,1
--kworker/u515:2,141,2,0,148,569,85,1
--kworker/R-charg,148,2,0,149,2,0,1
--kworker/0:1H,149,2,0,172,669,112,1
--kworker/1:1H,172,2,0,203,653,110,1
--kworker/2:2,203,2,0,204,588,27,2
--kworker/R-mpt_p,204,2,0,205,2,0,2
--kworker/R-mpt/0,205,2,0,206,2,0,2
--scsi_eh_2,206,2,0,207,35,1,2
--kworker/R-scsi_,207,2,0,208,2,0,2
--scsi_eh_3,208,2,0,209,31,2,2
--kworker/R-scsi_,209,2,0,210,2,0,2
--scsi_eh_4,210,2,0,211,24,0,2
--kworker/R-scsi_,211,2,0,212,2,0,2
--scsi_eh_5,212,2,0,213,24,1,2
--kworker/R-scsi_,213,2,0,214,2,0,2
--scsi_eh_6,214,2,0,215,25,1,2
--kworker/R-scsi_,215,2,0,216,2,0,2
--scsi_eh_7,216,2,0,217,23,0,2
--kworker/R-scsi_,217,2,0,218,2,0,2
--scsi_eh_8,218,2,0,219,2,0,2
--kworker/R-scsi_,219,2,0,220,2,0,2
--scsi_eh_9,220,2,0,221,24,1,2
--kworker/R-scsi_,221,2,0,222,2,0,2
--kworker/u514:2,222,2,0,223,512,54,2
--scsi_eh_10,223,2,0,224,24,0,2
--kworker/R-scsi_,224,2,0,225,2,0,2
--scsi_eh_11,225,2,0,226,23,0,2
--kworker/R-scsi_,226,2,0,242,2,0,2
--scsi_eh_12,242,2,0,243,23,0,2
--kworker/R-scsi_,243,2,0,244,2,0,2
--scsi_eh_13,244,2,0,245,23,0,2
--kworker/R-scsi_,245,2,0,246,2,0,2
--scsi_eh_14,246,2,0,247,24,1,2
--kworker/R-scsi_,247,2,0,248,2,0,2
--scsi_eh_15,248,2,0,249,23,0,2
--kworker/R-scsi_,249,2,0,250,2,0,2
--scsi_eh_16,250,2,0,251,24,1,2
--kworker/R-scsi_,251,2,0,252,2,0,2
--scsi_eh_17,252,2,0,253,23,0,2
--kworker/R-scsi_,253,2,0,254,2,0,2
--scsi_eh_18,254,2,0,255,23,1,2
--kworker/R-scsi_,255,2,0,256,2,0,2
--scsi_eh_19,256,2,0,257,22,0,2
--kworker/R-scsi_,257,2,0,259,2,0,2
--scsi_eh_20,259,2,0,260,24,1,2
--kworker/R-scsi_,260,2,0,261,2,0,2
--scsi_eh_21,261,2,0,262,22,0,2
--kworker/R-scsi_,262,2,0,263,2,0,2
--scsi_eh_22,263,2,0,264,23,0,2
--kworker/R-scsi_,264,2,0,265,2,0,2
--scsi_eh_23,265,2,0,266,22,0,2
--kworker/R-scsi_,266,2,0,267,2,0,2
--scsi_eh_24,267,2,0,268,22,1,2
--kworker/R-scsi_,268,2,0,269,2,0,2
--scsi_eh_25,269,2,0,270,22,1,2
--kworker/R-scsi_,270,2,0,271,2,0,2
--scsi_eh_26,271,2,0,272,23,1,2
--kworker/R-scsi_,272,2,0,273,2,0,2
--scsi_eh_27,273,2,0,274,22,1,2
--kworker/R-scsi_,274,2,0,275,2,0,2
--scsi_eh_28,275,2,0,276,22,1,2
--kworker/R-scsi_,276,2,0,277,2,0,2
--scsi_eh_29,277,2,0,278,22,1,2
--kworker/R-scsi_,278,2,0,279,2,0,2
--scsi_eh_30,279,2,0,280,22,1,2
--kworker/R-scsi_,280,2,0,281,2,0,2
--scsi_eh_31,281,2,0,282,23,1,2
--kworker/R-scsi_,282,2,0,283,2,0,2
--scsi_eh_32,283,2,0,284,22,0,2
--kworker/R-scsi_,284,2,0,307,2,0,2
--kworker/u516:28,307,2,0,308,1122,181,2
--kworker/u516:29,308,2,0,311,1908,517,2
--kworker/0:2,311,2,0,352,22,0,2
--jbd2/sda2-8,352,2,0,353,448,23,4
--kworker/R-ext4-,353,2,0,400,2,0,4
--irq/57-vmw_vmci,400,2,0,401,206,1,4
--irq/58-vmw_vmci,401,2,0,402,2,1,4
--irq/59-vmw_vmci,402,2,0,455,404,0,4
--irq/16-vmwgfx,455,2,0,456,1229,1,5
--kworker/R-ttm,456,2,0,496,2,0,5
--psimon,496,2,0,1126,2,0,6
--kworker/3:4,1126,2,0,1427,4072,10,8
--kworker/u512:2,1427,2,0,1567,2,0,9
--kworker/R-crypt,1567,2,0,1657,2,0,10
--kworker/u514:3,1657,2,0,1664,692,48,11
--kworker/u513:3,1664,2,0,1875,1324,266,11
--psimon,1875,2,0,2055,2,0,12
--kworker/1:3,2055,2,0,2217,2699,17,13
--kworker/u518:1,2217,2,0,2218,3,0,15
--kworker/u518:2,2218,2,0,2890,2,0,15
--kworker/u520:1,2890,2,0,2896,3,1,20
--kworker/u520:2,2896,2,0,2966,2,0,20
--kworker/u514:4,2966,2,0,3194,524,42,36
--kworker/2:2H,3194,2,0,3199,98,8,337
--kworker/3:0,3199,2,0,3200,10,1,346
--kworker/u516:0,3200,2,0,3211,438,53,390
--kworker/u514:0,3211,2,0,3212,50,1,781
--kworker/u515:3,3212,2,0,3703,219,6,790
--kworker/u513:0,3703,2,0,3743,83,3,899
--kworker/0:0,3743,2,0,3796,2,0,909
--kworker/3:1,3796,2,0,4107,15,1,922
--kworker/2:1H,4107,2,0,0,2,0,1073
